image: mapa_proyecto_4.pgm
resolution: 0.050000
origin: [-128.024994, -128.024994, 0.000000]
negate: 0
occupied_thresh: 0.65
free_thresh: 0.196

